0.0	79.3103448275862
0.0	79.3103448275862
0.0	79.3103448275862
0.0	79.3103448275862
0.0	82.06896551724138
0.0	85.51724137931035
0.0	88.96551724137932
0.6355932203389831	91.0344827586207
1.9067796610169492	93.10344827586208
2.5423728813559325	94.48275862068965
3.1779661016949152	95.17241379310344
5.084745762711865	96.55172413793103
5.720338983050848	96.55172413793103
6.3559322033898304	96.55172413793103
7.627118644067797	95.17241379310344
10.16949152542373	90.3448275862069
11.440677966101696	84.13793103448276
12.711864406779661	76.55172413793103
13.347457627118645	70.3448275862069
14.61864406779661	63.44827586206897
15.889830508474578	57.93103448275862
17.796610169491526	52.41379310344828
19.06779661016949	46.20689655172414
20.974576271186443	40.0
21.610169491525426	31.724137931034484
22.24576271186441	26.20689655172414
22.88135593220339	21.379310344827587
22.88135593220339	17.931034482758623
24.152542372881356	15.172413793103448
24.152542372881356	11.724137931034484
24.78813559322034	9.655172413793103
24.78813559322034	8.965517241379311
24.78813559322034	8.965517241379311
24.78813559322034	8.965517241379311
24.78813559322034	8.965517241379311
24.78813559322034	8.965517241379311
24.78813559322034	13.793103448275863
24.78813559322034	22.06896551724138
26.059322033898308	30.344827586206897
26.059322033898308	37.93103448275862
27.330508474576273	44.13793103448276
27.966101694915256	49.6551724137931
28.60169491525424	53.793103448275865
28.60169491525424	57.93103448275862
29.23728813559322	62.06896551724138
30.508474576271187	67.58620689655173
31.14406779661017	73.79310344827586
31.779661016949156	77.93103448275862
33.686440677966104	84.13793103448276
33.686440677966104	88.96551724137932
34.32203389830509	92.41379310344828
34.32203389830509	95.17241379310344
34.32203389830509	95.86206896551724
34.32203389830509	95.86206896551724
34.32203389830509	95.86206896551724
34.95762711864407	95.86206896551724
35.59322033898305	91.72413793103449
38.13559322033898	82.06896551724138
40.67796610169492	71.72413793103449
43.22033898305085	60.689655172413794
44.49152542372882	54.48275862068966
45.76271186440678	50.3448275862069
47.03389830508475	46.20689655172414
47.66949152542373	40.689655172413794
47.66949152542373	36.55172413793104
48.30508474576271	32.41379310344828
49.57627118644068	26.20689655172414
50.847457627118644	21.379310344827587
52.7542372881356	17.24137931034483
54.025423728813564	14.482758620689655
54.025423728813564	12.413793103448276
54.66101694915255	11.03448275862069
54.66101694915255	11.03448275862069
54.66101694915255	11.03448275862069
54.66101694915255	11.03448275862069
54.66101694915255	11.03448275862069
54.66101694915255	15.862068965517242
54.66101694915255	24.137931034482758
52.7542372881356	35.862068965517246
51.48305084745763	43.44827586206897
50.847457627118644	50.3448275862069
49.57627118644068	57.24137931034483
48.940677966101696	64.13793103448276
48.30508474576271	72.41379310344828
48.30508474576271	79.3103448275862
48.30508474576271	86.20689655172414
48.30508474576271	89.65517241379311
49.57627118644068	93.10344827586208
52.118644067796616	93.79310344827587
55.93220338983051	93.79310344827587
59.74576271186441	93.79310344827587
62.28813559322034	92.41379310344828
63.55932203389831	91.0344827586207
64.19491525423729	90.3448275862069
64.19491525423729	90.3448275862069
81.99152542372882	71.72413793103449
81.99152542372882	71.72413793103449
81.99152542372882	71.72413793103449
77.54237288135593	69.65517241379311
75.0	69.65517241379311
71.8220338983051	71.0344827586207
69.91525423728814	73.79310344827586
67.37288135593221	77.93103448275862
66.73728813559322	82.75862068965517
65.46610169491525	88.27586206896552
64.83050847457628	93.10344827586208
64.83050847457628	95.86206896551724
66.10169491525424	98.62068965517241
68.64406779661017	99.3103448275862
69.91525423728814	99.3103448275862
72.45762711864407	99.3103448275862
75.0	97.93103448275862
77.54237288135593	95.17241379310344
79.44915254237289	91.72413793103449
80.08474576271188	87.58620689655173
80.08474576271188	83.44827586206897
81.35593220338984	77.93103448275862
81.99152542372882	73.10344827586208
81.99152542372882	70.3448275862069
81.99152542372882	70.3448275862069
81.99152542372882	70.3448275862069
81.99152542372882	70.3448275862069
81.99152542372882	70.3448275862069
81.99152542372882	70.3448275862069
81.99152542372882	71.72413793103449
81.99152542372882	77.24137931034483
81.99152542372882	78.62068965517241
82.6271186440678	80.6896551724138
83.26271186440678	82.06896551724138
83.26271186440678	82.75862068965517
84.53389830508475	85.51724137931035
84.53389830508475	85.51724137931035
85.16949152542374	86.20689655172414
85.80508474576271	86.89655172413794
86.4406779661017	87.58620689655173
87.71186440677967	88.96551724137932
88.34745762711864	89.65517241379311
88.98305084745763	92.41379310344828
89.61864406779661	93.10344827586208
89.61864406779661	93.10344827586208
89.61864406779661	93.10344827586208
89.61864406779661	93.10344827586208
98.51694915254238	11.724137931034484
96.61016949152543	17.931034482758623
96.61016949152543	26.896551724137932
96.61016949152543	36.55172413793104
96.61016949152543	46.20689655172414
96.61016949152543	53.10344827586207
96.61016949152543	60.0
96.61016949152543	66.20689655172414
96.61016949152543	71.0344827586207
96.61016949152543	76.55172413793103
96.61016949152543	81.37931034482759
96.61016949152543	87.58620689655173
96.61016949152543	91.72413793103449
96.61016949152543	94.48275862068965
96.61016949152543	95.86206896551724
96.61016949152543	95.86206896551724
97.24576271186442	96.55172413793103
100.42372881355932	96.55172413793103
104.87288135593221	94.48275862068965
107.41525423728814	93.79310344827587
109.95762711864407	93.10344827586208
109.95762711864407	93.10344827586208
91.52542372881356	44.827586206896555
91.52542372881356	44.827586206896555
94.70338983050848	44.13793103448276
101.05932203389831	46.20689655172414
115.67796610169492	74.48275862068965
115.67796610169492	74.48275862068965
120.76271186440678	76.55172413793103
123.30508474576271	77.24137931034483
125.84745762711866	77.24137931034483
127.11864406779662	74.48275862068965
127.11864406779662	69.65517241379311
127.11864406779662	66.89655172413794
123.30508474576271	64.82758620689656
119.49152542372882	64.82758620689656
116.31355932203391	64.82758620689656
113.77118644067797	67.58620689655173
111.86440677966102	71.0344827586207
111.22881355932203	76.55172413793103
110.59322033898306	82.06896551724138
110.59322033898306	87.58620689655173
110.59322033898306	90.3448275862069
112.5	91.72413793103449
113.77118644067797	92.41379310344828
115.04237288135594	92.41379310344828
116.31355932203391	92.41379310344828
119.49152542372882	94.48275862068965
119.49152542372882	94.48275862068965
120.1271186440678	94.48275862068965
122.03389830508475	94.48275862068965
123.30508474576271	94.48275862068965
124.57627118644068	94.48275862068965
126.48305084745763	93.79310344827587
129.02542372881356	88.27586206896552
130.29661016949154	83.44827586206897
132.20338983050848	78.62068965517241
135.3813559322034	73.10344827586208
137.28813559322035	68.96551724137932
138.55932203389833	68.27586206896552
139.1949152542373	68.27586206896552
141.10169491525426	68.27586206896552
143.0084745762712	69.65517241379311
144.27966101694915	75.86206896551724
144.27966101694915	86.89655172413794
144.27966101694915	92.41379310344828
144.27966101694915	94.48275862068965
144.27966101694915	94.48275862068965
144.27966101694915	94.48275862068965
144.27966101694915	94.48275862068965
144.27966101694915	94.48275862068965
145.55084745762713	86.20689655172414
148.09322033898306	77.24137931034483
150.635593220339	72.41379310344828
151.90677966101697	69.65517241379311
151.90677966101697	69.65517241379311
153.17796610169492	69.65517241379311
154.4491525423729	70.3448275862069
155.08474576271186	76.55172413793103
155.72033898305085	83.44827586206897
155.72033898305085	88.27586206896552
155.72033898305085	91.72413793103449
155.72033898305085	94.48275862068965
155.72033898305085	95.17241379310344
155.72033898305085	95.17241379310344
155.72033898305085	95.17241379310344
156.99152542372883	90.3448275862069
158.89830508474577	81.37931034482759
163.34745762711864	71.72413793103449
163.98305084745763	68.96551724137932
164.61864406779662	68.27586206896552
164.61864406779662	68.27586206896552
166.52542372881356	68.27586206896552
167.16101694915255	68.27586206896552
169.70338983050848	70.3448275862069
170.33898305084747	77.93103448275862
170.97457627118644	84.82758620689656
170.97457627118644	90.3448275862069
170.97457627118644	92.41379310344828
170.97457627118644	93.79310344827587
171.61016949152543	95.17241379310344
171.61016949152543	95.17241379310344
194.49152542372883	66.89655172413794
191.9491525423729	66.20689655172414
187.5	65.51724137931035
184.3220338983051	65.51724137931035
181.1440677966102	65.51724137931035
178.60169491525426	66.89655172413794
177.33050847457628	73.10344827586208
177.33050847457628	78.62068965517241
177.33050847457628	84.82758620689656
177.33050847457628	91.72413793103449
177.33050847457628	94.48275862068965
178.60169491525426	95.86206896551724
181.77966101694915	96.55172413793103
183.68644067796612	96.55172413793103
186.86440677966104	96.55172413793103
190.67796610169492	91.0344827586207
194.49152542372883	82.75862068965517
195.76271186440678	79.3103448275862
197.66949152542375	75.17241379310344
197.66949152542375	71.0344827586207
197.66949152542375	68.96551724137932
197.66949152542375	68.96551724137932
197.66949152542375	68.96551724137932
197.66949152542375	68.96551724137932
197.03389830508476	68.27586206896552
197.03389830508476	68.27586206896552
196.39830508474577	68.96551724137932
196.39830508474577	75.86206896551724
196.39830508474577	80.6896551724138
196.39830508474577	84.13793103448276
198.9406779661017	88.27586206896552
200.21186440677968	90.3448275862069
201.48305084745763	90.3448275862069
204.66101694915255	91.0344827586207
207.20338983050848	91.72413793103449
207.83898305084747	91.72413793103449
207.83898305084747	91.72413793103449
212.28813559322035	0.0
211.65254237288136	8.275862068965518
211.65254237288136	17.931034482758623
211.65254237288136	31.03448275862069
211.65254237288136	41.37931034482759
211.65254237288136	49.6551724137931
211.65254237288136	55.862068965517246
211.65254237288136	62.758620689655174
211.65254237288136	67.58620689655173
211.65254237288136	73.10344827586208
211.65254237288136	76.55172413793103
211.65254237288136	80.6896551724138
211.65254237288136	84.82758620689656
211.65254237288136	90.3448275862069
211.65254237288136	93.79310344827587
211.65254237288136	96.55172413793103
212.92372881355934	97.24137931034483
216.73728813559322	97.93103448275862
219.27966101694918	97.93103448275862
221.18644067796612	97.93103448275862
222.45762711864407	97.93103448275862
222.45762711864407	97.93103448275862
204.02542372881356	47.58620689655172
204.02542372881356	47.58620689655172
212.28813559322035	47.58620689655172
225.635593220339	65.51724137931035
225.635593220339	71.0344827586207
225.0	76.55172413793103
224.36440677966104	81.37931034482759
224.36440677966104	86.89655172413794
224.36440677966104	90.3448275862069
226.27118644067798	93.79310344827587
228.8135593220339	94.48275862068965
231.99152542372883	95.17241379310344
232.62711864406782	95.17241379310344
233.26271186440678	95.17241379310344
234.53389830508476	95.17241379310344
224.36440677966104	45.51724137931035
224.36440677966104	45.51724137931035
240.2542372881356	52.41379310344828
241.52542372881356	44.13793103448276
242.16101694915255	35.17241379310345
242.16101694915255	27.586206896551726
242.16101694915255	22.06896551724138
242.16101694915255	18.620689655172413
242.16101694915255	18.620689655172413
241.52542372881356	17.931034482758623
239.61864406779662	19.310344827586206
237.71186440677968	33.10344827586207
237.0762711864407	57.93103448275862
237.0762711864407	83.44827586206897
237.0762711864407	93.10344827586208
237.0762711864407	97.24137931034483
237.0762711864407	99.3103448275862
237.0762711864407	100.0
237.0762711864407	100.0
237.0762711864407	100.0
237.0762711864407	97.93103448275862
237.0762711864407	91.0344827586207
238.34745762711864	82.06896551724138
240.2542372881356	71.72413793103449
242.79661016949154	64.82758620689656
244.70338983050848	60.0
248.5169491525424	57.93103448275862
254.23728813559325	57.93103448275862
258.0508474576271	59.310344827586206
258.6864406779661	65.51724137931035
258.6864406779661	72.41379310344828
256.14406779661016	80.0
245.33898305084747	83.44827586206897
243.43220338983053	83.44827586206897
240.8898305084746	82.75862068965517
240.8898305084746	82.75862068965517
240.8898305084746	82.75862068965517
242.16101694915255	82.75862068965517
247.24576271186442	86.20689655172414
251.69491525423732	92.41379310344828
255.5084745762712	97.24137931034483
259.9576271186441	97.93103448275862
261.864406779661	97.93103448275862
261.864406779661	97.93103448275862
277.11864406779665	67.58620689655173
270.1271186440678	64.82758620689656
266.9491525423729	64.82758620689656
263.135593220339	66.89655172413794
261.864406779661	74.48275862068965
261.864406779661	82.06896551724138
264.40677966101697	86.89655172413794
270.7627118644068	88.96551724137932
272.03389830508473	89.65517241379311
273.9406779661017	89.65517241379311
277.11864406779665	88.96551724137932
279.66101694915255	82.06896551724138
280.29661016949154	75.86206896551724
280.29661016949154	71.72413793103449
279.66101694915255	69.65517241379311
279.66101694915255	69.65517241379311
279.66101694915255	69.65517241379311
279.66101694915255	69.65517241379311
280.93220338983053	75.17241379310344
287.2881355932204	84.13793103448276
296.8220338983051	89.65517241379311
300.0	90.3448275862069
300.0	90.3448275862069
