1.707317073170732	0.0
1.707317073170732	9.469696969696969
1.707317073170732	22.727272727272727
1.707317073170732	32.95454545454545
1.707317073170732	49.24242424242424
1.707317073170732	59.46969696969697
1.707317073170732	70.07575757575758
1.4634146341463417	82.19696969696969
0.7317073170731708	91.28787878787878
0.24390243902439027	96.96969696969697
0.0	98.86363636363636
0.0	100.0
1.4634146341463417	1.5151515151515151
1.9512195121951221	3.4090909090909087
4.390243902439025	13.257575757575758
5.853658536585367	18.56060606060606
8.292682926829269	22.348484848484848
11.219512195121952	25.0
13.658536585365855	28.409090909090907
14.390243902439027	29.545454545454543
14.878048780487806	30.68181818181818
15.365853658536587	31.818181818181817
15.365853658536587	31.818181818181817
15.853658536585368	32.95454545454545
15.853658536585368	32.95454545454545
15.853658536585368	32.95454545454545
15.853658536585368	32.95454545454545
15.853658536585368	32.95454545454545
16.585365853658537	33.33333333333333
16.585365853658537	33.33333333333333
16.82926829268293	33.33333333333333
18.29268292682927	33.33333333333333
20.48780487804878	29.166666666666664
23.170731707317074	18.56060606060606
28.53658536585366	10.227272727272727
31.707317073170735	5.681818181818182
33.41463414634146	3.4090909090909087
34.146341463414636	2.6515151515151514
34.146341463414636	2.6515151515151514
34.87804878048781	1.5151515151515151
34.87804878048781	1.5151515151515151
34.87804878048781	1.5151515151515151
34.87804878048781	1.5151515151515151
34.87804878048781	1.5151515151515151
34.87804878048781	1.5151515151515151
34.87804878048781	1.5151515151515151
34.87804878048781	1.5151515151515151
34.87804878048781	8.333333333333332
34.87804878048781	18.18181818181818
32.43902439024391	31.818181818181817
31.219512195121954	43.93939393939394
30.243902439024392	53.03030303030303
30.000000000000004	59.848484848484844
29.512195121951223	70.45454545454545
29.26829268292683	76.89393939393939
29.02439024390244	82.57575757575758
28.780487804878053	86.36363636363636
28.53658536585366	89.01515151515152
28.53658536585366	89.77272727272727
28.53658536585366	90.9090909090909
28.53658536585366	90.9090909090909
34.87804878048781	90.9090909090909
34.87804878048781	90.9090909090909
34.87804878048781	90.9090909090909
36.82926829268293	77.27272727272727
40.0	67.04545454545455
42.6829268292683	52.65151515151515
45.1219512195122	40.90909090909091
47.07317073170732	32.57575757575757
48.29268292682927	28.409090909090907
48.78048780487805	26.89393939393939
49.024390243902445	25.37878787878788
49.268292682926834	24.242424242424242
49.268292682926834	24.242424242424242
49.51219512195122	21.96969696969697
49.51219512195122	16.287878787878785
49.75609756097561	11.742424242424242
50.243902439024396	6.8181818181818175
50.243902439024396	5.303030303030303
50.487804878048784	4.166666666666666
50.487804878048784	3.0303030303030303
50.487804878048784	3.0303030303030303
50.487804878048784	3.0303030303030303
50.487804878048784	3.0303030303030303
50.487804878048784	3.0303030303030303
50.487804878048784	3.0303030303030303
50.97560975609756	3.0303030303030303
53.65853658536586	3.0303030303030303
56.34146341463415	9.848484848484848
58.29268292682927	20.833333333333332
59.75609756097562	36.74242424242424
60.73170731707317	48.1060606060606
61.463414634146346	56.81818181818181
62.19512195121952	64.39393939393939
62.926829268292686	71.5909090909091
63.17073170731708	74.24242424242424
63.41463414634147	79.54545454545455
63.41463414634147	83.7121212121212
63.41463414634147	86.36363636363636
63.41463414634147	87.5
63.41463414634147	88.63636363636363
63.41463414634147	88.63636363636363
63.41463414634147	88.63636363636363
41.951219512195124	50.75757575757576
43.41463414634147	50.378787878787875
49.024390243902445	49.24242424242424
53.17073170731708	48.86363636363636
54.87804878048781	48.484848484848484
56.585365853658544	48.484848484848484
57.560975609756106	48.484848484848484
58.29268292682927	48.484848484848484
58.78048780487806	48.484848484848484
58.78048780487806	48.484848484848484
59.51219512195122	48.484848484848484
60.243902439024396	48.484848484848484
60.243902439024396	48.484848484848484
60.97560975609757	48.484848484848484
60.97560975609757	48.484848484848484
60.97560975609757	48.484848484848484
80.2439024390244	7.954545454545454
80.2439024390244	7.954545454545454
80.2439024390244	7.954545454545454
80.2439024390244	17.045454545454543
80.2439024390244	32.196969696969695
80.2439024390244	39.015151515151516
80.2439024390244	45.07575757575757
80.2439024390244	53.40909090909091
80.2439024390244	62.12121212121212
80.2439024390244	66.66666666666666
80.2439024390244	71.2121212121212
80.2439024390244	73.48484848484848
80.2439024390244	78.03030303030303
80.2439024390244	80.3030303030303
65.60975609756098	6.0606060606060606
70.0	6.0606060606060606
76.58536585365854	6.0606060606060606
85.1219512195122	6.0606060606060606
90.48780487804879	6.0606060606060606
92.92682926829269	6.0606060606060606
94.63414634146342	6.0606060606060606
94.63414634146342	6.0606060606060606
95.85365853658537	6.0606060606060606
96.09756097560977	6.0606060606060606
96.09756097560977	6.0606060606060606
96.09756097560977	6.0606060606060606
96.09756097560977	6.0606060606060606
96.09756097560977	6.0606060606060606
96.09756097560977	6.0606060606060606
102.19512195121952	6.0606060606060606
102.19512195121952	6.0606060606060606
102.6829268292683	15.53030303030303
102.92682926829269	36.74242424242424
102.92682926829269	55.3030303030303
102.92682926829269	69.31818181818181
102.92682926829269	79.54545454545455
102.92682926829269	85.98484848484848
102.92682926829269	92.42424242424242
102.92682926829269	95.07575757575758
102.92682926829269	96.2121212121212
102.92682926829269	97.34848484848484
102.92682926829269	97.34848484848484
102.92682926829269	97.34848484848484
103.41463414634147	97.34848484848484
108.04878048780489	96.2121212121212
114.63414634146342	91.28787878787878
117.8048780487805	89.01515151515152
119.26829268292684	87.87878787878788
120.00000000000001	87.5
120.00000000000001	87.5
120.00000000000001	87.5
120.00000000000001	87.5
120.00000000000001	87.5
120.73170731707319	87.12121212121211
103.65853658536587	53.78787878787878
103.65853658536587	53.78787878787878
103.65853658536587	51.515151515151516
106.58536585365854	48.484848484848484
112.92682926829269	43.18181818181818
116.82926829268294	37.878787878787875
118.53658536585367	35.22727272727273
119.26829268292684	34.090909090909086
120.00000000000001	33.33333333333333
120.00000000000001	33.33333333333333
120.00000000000001	33.33333333333333
120.00000000000001	33.33333333333333
120.00000000000001	33.33333333333333
120.73170731707319	32.95454545454545
120.73170731707319	32.95454545454545
104.63414634146342	7.954545454545454
104.63414634146342	7.954545454545454
104.63414634146342	7.954545454545454
104.63414634146342	7.954545454545454
108.29268292682927	7.954545454545454
113.17073170731709	7.954545454545454
115.12195121951221	8.333333333333332
115.85365853658537	8.333333333333332
117.31707317073172	8.333333333333332
118.04878048780489	8.333333333333332
119.26829268292684	8.333333333333332
120.73170731707319	8.333333333333332
120.73170731707319	8.333333333333332
121.46341463414635	8.333333333333332
121.46341463414635	8.333333333333332
121.46341463414635	8.333333333333332
121.46341463414635	8.333333333333332
121.46341463414635	8.333333333333332
121.46341463414635	8.333333333333332
121.46341463414635	8.333333333333332
121.46341463414635	8.333333333333332
121.46341463414635	8.333333333333332
121.46341463414635	8.333333333333332
121.46341463414635	8.333333333333332
121.46341463414635	8.333333333333332
121.95121951219514	8.333333333333332
122.6829268292683	8.712121212121211
125.12195121951221	8.712121212121211
126.09756097560977	8.712121212121211
126.09756097560977	8.712121212121211
138.53658536585368	10.227272727272727
138.53658536585368	10.227272727272727
138.53658536585368	20.833333333333332
138.53658536585368	34.090909090909086
138.53658536585368	49.62121212121212
138.53658536585368	60.984848484848484
138.53658536585368	67.8030303030303
137.8048780487805	71.96969696969697
136.58536585365854	76.13636363636363
136.34146341463415	77.27272727272727
136.09756097560978	78.4090909090909
135.85365853658539	79.54545454545455
139.75609756097563	10.984848484848484
139.75609756097563	10.984848484848484
139.75609756097563	10.984848484848484
140.7317073170732	14.772727272727272
144.14634146341464	18.18181818181818
147.5609756097561	23.863636363636363
149.02439024390245	26.136363636363637
149.75609756097563	27.65151515151515
150.4878048780488	30.68181818181818
150.97560975609758	33.33333333333333
150.97560975609758	33.33333333333333
151.21951219512195	34.46969696969697
151.21951219512195	34.46969696969697
151.21951219512195	34.46969696969697
151.21951219512195	34.46969696969697
151.21951219512195	34.46969696969697
151.21951219512195	34.46969696969697
151.21951219512195	34.46969696969697
152.6829268292683	34.848484848484844
154.39024390243904	29.545454545454543
156.34146341463415	22.727272727272727
158.0487804878049	16.287878787878785
159.26829268292684	10.227272727272727
159.51219512195124	9.09090909090909
159.75609756097563	7.575757575757575
159.75609756097563	7.575757575757575
159.75609756097563	6.8181818181818175
159.75609756097563	6.8181818181818175
159.75609756097563	6.8181818181818175
159.75609756097563	6.8181818181818175
159.75609756097563	6.8181818181818175
160.0	6.8181818181818175
160.97560975609758	8.333333333333332
162.19512195121953	12.5
162.9268292682927	18.18181818181818
163.1707317073171	31.06060606060606
163.1707317073171	39.39393939393939
163.1707317073171	48.1060606060606
163.1707317073171	54.54545454545454
163.1707317073171	62.5
163.1707317073171	67.04545454545455
163.1707317073171	71.2121212121212
163.1707317073171	75.0
163.1707317073171	80.3030303030303
163.1707317073171	84.0909090909091
163.1707317073171	85.22727272727272
163.1707317073171	85.22727272727272
163.1707317073171	85.22727272727272
171.21951219512198	87.5
171.21951219512198	87.5
171.46341463414635	68.18181818181817
174.14634146341464	44.31818181818181
176.82926829268294	23.484848484848484
178.53658536585368	11.742424242424242
179.26829268292684	7.575757575757575
179.75609756097563	4.545454545454545
180.00000000000003	3.4090909090909087
180.00000000000003	3.4090909090909087
180.4878048780488	2.2727272727272725
180.4878048780488	2.2727272727272725
180.4878048780488	2.2727272727272725
180.4878048780488	2.2727272727272725
180.7317073170732	2.2727272727272725
180.97560975609758	6.4393939393939394
181.21951219512198	17.8030303030303
181.70731707317074	29.545454545454543
182.19512195121953	42.42424242424242
182.6829268292683	55.68181818181818
183.65853658536588	71.96969696969697
184.63414634146343	79.16666666666666
185.1219512195122	84.84848484848484
185.3658536585366	87.5
185.3658536585366	87.5
172.9268292682927	48.484848484848484
174.39024390243904	48.484848484848484
178.0487804878049	48.484848484848484
179.51219512195124	48.484848484848484
181.21951219512198	48.484848484848484
181.95121951219514	48.484848484848484
181.95121951219514	48.484848484848484
182.6829268292683	48.484848484848484
183.41463414634148	48.484848484848484
183.41463414634148	48.484848484848484
183.41463414634148	48.484848484848484
200.97560975609758	14.393939393939393
200.97560975609758	14.393939393939393
200.97560975609758	18.18181818181818
200.97560975609758	26.136363636363637
200.97560975609758	37.5
200.97560975609758	51.89393939393939
200.97560975609758	62.5
200.97560975609758	74.62121212121212
199.26829268292684	87.12121212121211
198.2926829268293	96.2121212121212
198.0487804878049	98.86363636363636
186.58536585365854	13.636363636363635
186.58536585365854	13.636363636363635
188.0487804878049	13.636363636363635
192.6829268292683	13.636363636363635
197.56097560975613	13.636363636363635
200.97560975609758	13.636363636363635
203.65853658536588	13.636363636363635
206.82926829268294	13.636363636363635
208.78048780487808	13.636363636363635
209.51219512195124	13.636363636363635
211.70731707317074	13.636363636363635
214.63414634146343	13.636363636363635
216.82926829268294	13.257575757575758
218.53658536585368	12.878787878787879
219.26829268292684	12.878787878787879
220.00000000000003	12.878787878787879
228.0487804878049	12.878787878787879
228.0487804878049	12.878787878787879
228.0487804878049	15.909090909090908
228.0487804878049	21.96969696969697
228.0487804878049	29.166666666666664
228.0487804878049	34.46969696969697
228.0487804878049	41.666666666666664
228.0487804878049	47.72727272727273
228.0487804878049	54.166666666666664
228.0487804878049	58.71212121212121
228.0487804878049	64.39393939393939
228.0487804878049	70.83333333333333
228.0487804878049	76.89393939393939
228.0487804878049	82.95454545454545
228.0487804878049	86.36363636363636
228.0487804878049	88.63636363636363
228.0487804878049	91.66666666666666
228.0487804878049	92.42424242424242
228.0487804878049	92.42424242424242
228.0487804878049	92.42424242424242
228.0487804878049	92.42424242424242
228.0487804878049	92.42424242424242
243.65853658536588	11.363636363636363
243.65853658536588	18.18181818181818
243.65853658536588	28.030303030303028
243.65853658536588	43.93939393939394
243.65853658536588	65.53030303030303
244.14634146341464	81.06060606060606
244.39024390243904	90.53030303030303
244.39024390243904	94.31818181818181
244.39024390243904	96.2121212121212
244.39024390243904	97.34848484848484
266.0975609756098	14.772727272727272
266.0975609756098	14.772727272727272
266.0975609756098	16.287878787878785
259.26829268292687	31.06060606060606
253.90243902439028	40.53030303030303
250.7317073170732	46.21212121212121
249.02439024390247	51.515151515151516
247.80487804878052	57.57575757575757
247.56097560975613	59.090909090909086
247.31707317073173	60.6060606060606
247.31707317073173	61.74242424242424
247.31707317073173	61.74242424242424
247.31707317073173	61.74242424242424
247.31707317073173	61.74242424242424
247.07317073170734	61.74242424242424
247.07317073170734	61.74242424242424
246.82926829268294	61.74242424242424
246.34146341463418	61.74242424242424
243.65853658536588	64.01515151515152
240.97560975609758	65.15151515151514
238.2926829268293	65.9090909090909
237.56097560975613	66.28787878787878
237.56097560975613	66.28787878787878
237.56097560975613	66.28787878787878
238.2926829268293	66.28787878787878
242.43902439024393	66.28787878787878
247.56097560975613	66.28787878787878
253.1707317073171	66.66666666666666
257.5609756097561	67.8030303030303
260.9756097560976	69.69696969696969
262.6829268292683	70.83333333333333
263.4146341463415	71.2121212121212
263.9024390243903	72.34848484848484
264.63414634146346	73.48484848484848
265.3658536585366	74.24242424242424
265.3658536585366	74.24242424242424
266.3414634146342	77.65151515151514
268.7804878048781	81.43939393939394
270.7317073170732	83.33333333333333
271.70731707317077	84.0909090909091
272.19512195121956	85.22727272727272
272.19512195121956	85.22727272727272
272.19512195121956	85.22727272727272
272.19512195121956	85.22727272727272
272.19512195121956	85.22727272727272
272.19512195121956	85.22727272727272
272.19512195121956	85.22727272727272
272.19512195121956	85.22727272727272
272.19512195121956	85.22727272727272
272.19512195121956	85.22727272727272
272.19512195121956	85.22727272727272
277.3170731707317	74.62121212121212
277.3170731707317	74.62121212121212
277.3170731707317	74.62121212121212
277.3170731707317	74.62121212121212
277.3170731707317	68.18181818181817
277.3170731707317	62.5
277.3170731707317	58.71212121212121
277.3170731707317	54.54545454545454
277.3170731707317	52.27272727272727
277.3170731707317	44.696969696969695
277.3170731707317	38.63636363636363
277.5609756097561	32.95454545454545
280.2439024390244	25.0
282.4390243902439	15.53030303030303
283.6585365853659	9.469696969696969
284.1463414634147	7.196969696969696
284.39024390243907	5.681818181818182
284.63414634146346	4.166666666666666
284.63414634146346	4.166666666666666
285.609756097561	4.166666666666666
286.0975609756098	4.166666666666666
288.0487804878049	4.166666666666666
289.26829268292687	7.196969696969696
290.2439024390244	12.5
291.4634146341464	17.045454545454543
292.9268292682927	23.863636363636363
293.9024390243903	30.3030303030303
296.3414634146342	39.39393939393939
297.5609756097561	46.590909090909086
298.2926829268293	54.54545454545454
298.7804878048781	62.878787878787875
299.0243902439025	69.69696969696969
299.0243902439025	74.62121212121212
299.0243902439025	78.4090909090909
299.0243902439025	81.06060606060606
299.0243902439025	82.57575757575758
299.0243902439025	83.7121212121212
299.0243902439025	83.7121212121212
299.0243902439025	83.7121212121212
299.0243902439025	83.7121212121212
276.82926829268297	57.95454545454545
276.82926829268297	57.95454545454545
276.82926829268297	57.95454545454545
281.70731707317077	57.95454545454545
286.5853658536586	57.95454545454545
289.0243902439025	57.95454545454545
290.0	57.95454545454545
291.4634146341464	57.95454545454545
292.19512195121956	57.95454545454545
293.1707317073171	57.95454545454545
293.1707317073171	57.95454545454545
293.9024390243903	57.95454545454545
293.9024390243903	57.95454545454545
293.9024390243903	57.95454545454545
294.39024390243907	57.95454545454545
296.3414634146342	57.95454545454545
297.5609756097561	57.95454545454545
300.0	56.060606060606055
