0.0	15.0
0.0	15.0
0.0	32.0
0.0	50.0
0.0	73.0
1.0	96.0
2.0	112.0
2.0	131.0
2.0	145.0
2.0	161.0
2.0	175.0
2.0	186.0
2.0	193.0
2.0	197.0
2.0	197.0
2.0	200.0
2.0	200.0
2.0	200.0
0.0	12.0
0.0	12.0
7.0	12.0
21.0	14.0
34.0	32.0
47.0	46.0
54.0	53.0
57.0	56.0
60.0	59.0
60.0	59.0
62.0	62.0
62.0	62.0
63.0	65.0
63.0	65.0
63.0	65.0
65.0	68.0
65.0	71.0
65.0	74.0
65.0	77.0
65.0	77.0
65.0	77.0
65.0	77.0
65.0	77.0
68.0	77.0
68.0	77.0
69.0	77.0
74.0	77.0
82.0	63.0
93.0	45.0
102.0	32.0
109.0	24.0
116.0	17.0
125.0	12.0
133.0	7.0
135.0	6.0
135.0	6.0
135.0	6.0
135.0	6.0
135.0	6.0
135.0	6.0
135.0	6.0
135.0	6.0
135.0	6.0
135.0	6.0
135.0	6.0
135.0	6.0
138.0	6.0
138.0	6.0
138.0	22.0
138.0	45.0
138.0	63.0
136.0	84.0
133.0	114.0
131.0	129.0
130.0	136.0
129.0	139.0
128.0	143.0
128.0	146.0
128.0	149.0
127.0	152.0
127.0	152.0
127.0	158.0
127.0	162.0
127.0	172.0
127.0	179.0
127.0	182.0
127.0	185.0
127.0	185.0
127.0	188.0
127.0	196.0
127.0	203.0
127.0	206.0
127.0	206.0
127.0	206.0
177.0	207.0
177.0	207.0
182.0	195.0
186.0	176.0
191.0	142.0
194.0	125.0
197.0	109.0
201.0	91.0
205.0	73.0
206.0	66.0
207.0	59.0
213.0	50.0
219.0	42.0
226.0	33.0
229.0	31.0
233.0	24.0
236.0	16.0
240.0	6.0
241.0	3.0
241.0	3.0
241.0	0.0
241.0	0.0
241.0	0.0
241.0	0.0
241.0	0.0
241.0	0.0
244.0	13.0
248.0	31.0
252.0	55.0
256.0	80.0
259.0	96.0
260.0	106.0
261.0	118.0
263.0	132.0
264.0	147.0
266.0	155.0
267.0	163.0
268.0	167.0
269.0	170.0
269.0	174.0
269.0	177.0
269.0	177.0
270.0	180.0
271.0	184.0
271.0	184.0
200.0	115.0
200.0	115.0
219.0	115.0
235.0	115.0
241.0	115.0
248.0	115.0
251.0	115.0
251.0	115.0
251.0	115.0
251.0	115.0
251.0	115.0
251.0	115.0
251.0	115.0
254.0	115.0
254.0	115.0
254.0	115.0
254.0	115.0
254.0	115.0
254.0	115.0
257.0	115.0
257.0	115.0
363.0	12.0
363.0	12.0
363.0	12.0
363.0	38.0
363.0	65.0
363.0	84.0
363.0	105.0
363.0	133.0
363.0	149.0
363.0	160.0
363.0	164.0
363.0	170.0
363.0	170.0
363.0	170.0
363.0	170.0
363.0	173.0
363.0	180.0
363.0	184.0
363.0	188.0
363.0	196.0
363.0	200.0
363.0	203.0
363.0	206.0
289.0	5.0
289.0	5.0
325.0	5.0
347.0	5.0
362.0	5.0
374.0	7.0
391.0	10.0
408.0	11.0
418.0	12.0
422.0	13.0
426.0	13.0
429.0	13.0
429.0	13.0
429.0	13.0
429.0	13.0
478.0	13.0
478.0	13.0
486.0	22.0
488.0	49.0
490.0	79.0
491.0	99.0
491.0	126.0
491.0	147.0
491.0	165.0
491.0	176.0
491.0	182.0
491.0	186.0
489.0	193.0
487.0	196.0
487.0	196.0
487.0	196.0
487.0	196.0
487.0	196.0
490.0	196.0
508.0	196.0
524.0	196.0
531.0	196.0
538.0	196.0
540.0	196.0
542.0	196.0
547.0	196.0
553.0	194.0
556.0	192.0
556.0	192.0
556.0	192.0
486.0	89.0
494.0	89.0
516.0	83.0
530.0	74.0
537.0	70.0
541.0	68.0
544.0	66.0
550.0	64.0
557.0	64.0
560.0	64.0
562.0	64.0
482.0	19.0
490.0	19.0
508.0	17.0
520.0	13.0
529.0	12.0
545.0	12.0
554.0	12.0
562.0	12.0
564.0	12.0
567.0	12.0
567.0	12.0
567.0	12.0
567.0	12.0
567.0	12.0
567.0	12.0
567.0	12.0
567.0	12.0
614.0	18.0
614.0	22.0
614.0	53.0
614.0	88.0
614.0	126.0
614.0	161.0
614.0	185.0
614.0	191.0
614.0	195.0
614.0	198.0
614.0	201.0
614.0	201.0
614.0	201.0
619.0	15.0
631.0	23.0
642.0	33.0
656.0	48.0
668.0	62.0
674.0	67.0
681.0	83.0
685.0	93.0
685.0	96.0
686.0	99.0
686.0	99.0
686.0	99.0
686.0	99.0
686.0	99.0
686.0	99.0
686.0	99.0
690.0	99.0
699.0	98.0
708.0	80.0
717.0	65.0
724.0	54.0
733.0	44.0
737.0	36.0
739.0	30.0
741.0	25.0
742.0	22.0
742.0	22.0
742.0	19.0
742.0	19.0
742.0	19.0
742.0	19.0
742.0	19.0
742.0	19.0
742.0	19.0
743.0	19.0
743.0	29.0
743.0	50.0
743.0	80.0
743.0	112.0
743.0	134.0
743.0	150.0
743.0	165.0
743.0	175.0
743.0	178.0
743.0	178.0
743.0	178.0
743.0	178.0
775.0	198.0
775.0	198.0
775.0	198.0
773.0	179.0
773.0	139.0
776.0	102.0
787.0	72.0
794.0	50.0
798.0	37.0
800.0	30.0
801.0	27.0
801.0	27.0
801.0	27.0
802.0	24.0
804.0	21.0
804.0	21.0
804.0	21.0
804.0	21.0
804.0	21.0
810.0	21.0
815.0	23.0
819.0	47.0
826.0	80.0
833.0	117.0
843.0	149.0
851.0	177.0
855.0	193.0
857.0	201.0
858.0	204.0
858.0	207.0
858.0	207.0
779.0	120.0
779.0	120.0
791.0	116.0
808.0	115.0
815.0	114.0
822.0	114.0
825.0	114.0
825.0	114.0
825.0	114.0
825.0	114.0
907.0	33.0
907.0	33.0
907.0	51.0
907.0	79.0
907.0	99.0
907.0	115.0
907.0	125.0
907.0	130.0
907.0	139.0
907.0	152.0
907.0	169.0
907.0	175.0
907.0	183.0
907.0	183.0
907.0	186.0
907.0	186.0
907.0	189.0
907.0	189.0
907.0	189.0
907.0	189.0
907.0	189.0
907.0	189.0
907.0	189.0
856.0	23.0
856.0	23.0
867.0	23.0
887.0	23.0
904.0	23.0
926.0	23.0
938.0	23.0
947.0	23.0
955.0	23.0
965.0	23.0
969.0	23.0
971.0	23.0
974.0	23.0
974.0	23.0
974.0	23.0
974.0	23.0
974.0	23.0
1028.0	23.0
1028.0	30.0
1028.0	66.0
1028.0	98.0
1028.0	128.0
1028.0	153.0
1028.0	174.0
1028.0	185.0
1028.0	195.0
1028.0	199.0
1028.0	202.0
1028.0	205.0
1028.0	205.0
1028.0	205.0
1079.0	26.0
1079.0	26.0
1079.0	45.0
1079.0	93.0
1079.0	119.0
1079.0	132.0
1079.0	136.0
1079.0	139.0
1079.0	142.0
1079.0	145.0
1079.0	153.0
1079.0	156.0
1079.0	161.0
1079.0	169.0
1079.0	173.0
1079.0	182.0
1079.0	186.0
1079.0	193.0
1079.0	193.0
1079.0	193.0
1079.0	193.0
1079.0	195.0
1079.0	195.0
1079.0	195.0
1079.0	195.0
1079.0	195.0
1079.0	195.0
1079.0	195.0
1079.0	198.0
1079.0	201.0
1079.0	204.0
1079.0	207.0
1079.0	207.0
1079.0	207.0
1079.0	207.0
1079.0	207.0
1147.0	26.0
1147.0	26.0
1147.0	45.0
1127.0	66.0
1117.0	79.0
1109.0	89.0
1103.0	107.0
1098.0	119.0
1095.0	125.0
1092.0	131.0
1090.0	134.0
1090.0	134.0
1088.0	137.0
1088.0	137.0
1088.0	137.0
1088.0	137.0
1088.0	137.0
1088.0	137.0
1081.0	139.0
1077.0	141.0
1067.0	145.0
1059.0	146.0
1056.0	147.0
1053.0	147.0
1053.0	147.0
1053.0	147.0
1053.0	149.0
1065.0	151.0
1079.0	154.0
1094.0	159.0
1106.0	163.0
1116.0	165.0
1120.0	166.0
1128.0	168.0
1138.0	171.0
1141.0	172.0
1144.0	178.0
1149.0	185.0
1155.0	188.0
1158.0	189.0
1158.0	189.0
1158.0	189.0
1161.0	189.0
1161.0	189.0
1161.0	189.0
1161.0	189.0
1161.0	189.0
1161.0	189.0
1161.0	189.0
1161.0	189.0
1161.0	189.0
1199.0	191.0
1199.0	191.0
1195.0	174.0
1195.0	146.0
1195.0	112.0
1195.0	89.0
1195.0	73.0
1195.0	66.0
1195.0	58.0
1195.0	55.0
1197.0	50.0
1205.0	43.0
1208.0	40.0
1211.0	37.0
1213.0	35.0
1216.0	33.0
1220.0	32.0
1223.0	31.0
1227.0	31.0
1229.0	31.0
1232.0	31.0
1234.0	31.0
1237.0	31.0
1239.0	43.0
1242.0	73.0
1244.0	91.0
1244.0	104.0
1244.0	117.0
1245.0	141.0
1246.0	157.0
1247.0	167.0
1247.0	171.0
1247.0	174.0
1247.0	177.0
1247.0	177.0
1247.0	177.0
1247.0	177.0
1249.0	184.0
1250.0	187.0
1250.0	190.0
1250.0	190.0
1250.0	190.0
1184.0	131.0
1184.0	131.0
1196.0	123.0
1211.0	113.0
1225.0	107.0
1235.0	103.0
1243.0	101.0
1246.0	99.0
1254.0	98.0
1261.0	96.0
1264.0	96.0
1267.0	96.0
1267.0	96.0
1267.0	96.0
1267.0	96.0
1267.0	96.0
1267.0	96.0
