2.0	126.0
2.0	126.0
2.0	126.0
0.0	130.0
0.0	136.0
1.0	145.0
7.0	152.0
9.0	154.0
9.0	154.0
11.0	154.0
17.0	150.0
19.0	134.0
22.0	122.0
23.0	110.0
25.0	100.0
28.0	87.0
28.0	79.0
28.0	77.0
28.0	72.0
28.0	64.0
27.0	59.0
26.0	52.0
26.0	50.0
26.0	50.0
26.0	45.0
26.0	40.0
26.0	40.0
26.0	40.0
26.0	40.0
26.0	40.0
26.0	45.0
26.0	54.0
29.0	65.0
34.0	81.0
35.0	93.0
38.0	103.0
40.0	108.0
43.0	115.0
43.0	119.0
44.0	123.0
45.0	126.0
48.0	132.0
48.0	137.0
49.0	139.0
49.0	139.0
49.0	139.0
49.0	139.0
50.0	132.0
56.0	96.0
65.0	62.0
71.0	34.0
72.0	21.0
73.0	16.0
75.0	12.0
75.0	12.0
75.0	12.0
75.0	12.0
75.0	12.0
76.0	17.0
76.0	27.0
76.0	39.0
76.0	50.0
76.0	63.0
76.0	79.0
76.0	93.0
77.0	105.0
78.0	115.0
80.0	122.0
80.0	124.0
81.0	128.0
82.0	130.0
85.0	136.0
87.0	140.0
88.0	141.0
89.0	141.0
92.0	141.0
97.0	141.0
101.0	138.0
102.0	136.0
133.0	104.0
127.0	101.0
123.0	100.0
116.0	100.0
113.0	101.0
109.0	105.0
108.0	108.0
107.0	114.0
107.0	122.0
107.0	132.0
107.0	138.0
111.0	144.0
115.0	149.0
116.0	149.0
120.0	149.0
129.0	141.0
135.0	129.0
138.0	117.0
138.0	111.0
138.0	107.0
138.0	106.0
138.0	106.0
137.0	105.0
137.0	105.0
137.0	109.0
137.0	122.0
137.0	132.0
138.0	135.0
141.0	138.0
142.0	139.0
146.0	139.0
147.0	140.0
147.0	140.0
150.0	140.0
162.0	24.0
162.0	24.0
162.0	24.0
159.0	37.0
159.0	57.0
159.0	70.0
159.0	81.0
159.0	88.0
159.0	96.0
159.0	102.0
159.0	111.0
160.0	117.0
162.0	123.0
163.0	128.0
163.0	132.0
164.0	135.0
165.0	137.0
166.0	139.0
168.0	142.0
168.0	142.0
169.0	142.0
172.0	142.0
177.0	143.0
178.0	143.0
179.0	143.0
181.0	143.0
152.0	80.0
152.0	80.0
152.0	80.0
158.0	78.0
168.0	76.0
169.0	76.0
170.0	75.0
184.0	117.0
184.0	117.0
193.0	121.0
199.0	122.0
208.0	122.0
216.0	123.0
220.0	122.0
222.0	112.0
222.0	105.0
217.0	100.0
208.0	96.0
202.0	95.0
195.0	95.0
192.0	95.0
187.0	102.0
185.0	112.0
185.0	121.0
185.0	131.0
185.0	136.0
190.0	141.0
194.0	142.0
198.0	143.0
203.0	143.0
211.0	143.0
216.0	143.0
222.0	139.0
225.0	131.0
230.0	120.0
234.0	114.0
237.0	106.0
239.0	100.0
241.0	98.0
242.0	98.0
247.0	98.0
252.0	100.0
254.0	112.0
255.0	123.0
255.0	132.0
255.0	138.0
255.0	141.0
255.0	141.0
255.0	141.0
255.0	141.0
262.0	120.0
272.0	92.0
278.0	77.0
280.0	73.0
281.0	72.0
282.0	72.0
284.0	73.0
286.0	84.0
286.0	99.0
286.0	111.0
286.0	120.0
286.0	122.0
286.0	125.0
286.0	125.0
286.0	126.0
286.0	130.0
286.0	134.0
286.0	135.0
286.0	135.0
286.0	135.0
286.0	135.0
286.0	126.0
286.0	102.0
289.0	94.0
290.0	91.0
293.0	88.0
295.0	87.0
297.0	87.0
300.0	88.0
304.0	92.0
305.0	100.0
305.0	114.0
305.0	125.0
305.0	134.0
305.0	139.0
305.0	139.0
305.0	139.0
364.0	104.0
364.0	104.0
354.0	100.0
348.0	97.0
341.0	96.0
337.0	96.0
331.0	98.0
328.0	107.0
326.0	115.0
326.0	125.0
326.0	133.0
329.0	138.0
335.0	139.0
342.0	139.0
348.0	139.0
360.0	131.0
366.0	123.0
370.0	113.0
370.0	108.0
368.0	105.0
365.0	104.0
362.0	103.0
361.0	103.0
359.0	103.0
359.0	103.0
359.0	110.0
364.0	119.0
369.0	128.0
374.0	133.0
375.0	133.0
378.0	134.0
382.0	135.0
382.0	135.0
383.0	135.0
385.0	136.0
385.0	136.0
385.0	136.0
393.0	0.0
393.0	5.0
393.0	18.0
393.0	37.0
393.0	51.0
393.0	63.0
393.0	73.0
393.0	80.0
393.0	88.0
393.0	99.0
393.0	105.0
393.0	111.0
393.0	115.0
393.0	119.0
393.0	125.0
395.0	130.0
396.0	132.0
398.0	135.0
402.0	136.0
405.0	136.0
409.0	136.0
411.0	136.0
412.0	136.0
416.0	134.0
417.0	134.0
384.0	73.0
384.0	73.0
384.0	73.0
390.0	74.0
401.0	75.0
406.0	76.0
406.0	76.0
423.0	81.0
423.0	81.0
423.0	81.0
422.0	91.0
420.0	100.0
419.0	109.0
419.0	114.0
419.0	118.0
419.0	121.0
420.0	129.0
422.0	133.0
424.0	137.0
426.0	139.0
429.0	142.0
431.0	142.0
432.0	142.0
435.0	141.0
436.0	139.0
436.0	138.0
436.0	138.0
436.0	138.0
436.0	137.0
437.0	134.0
428.0	61.0
428.0	61.0
428.0	61.0
460.0	81.0
459.0	73.0
459.0	62.0
458.0	48.0
458.0	36.0
458.0	26.0
458.0	17.0
457.0	11.0
455.0	6.0
454.0	6.0
453.0	6.0
450.0	12.0
450.0	41.0
450.0	89.0
450.0	115.0
450.0	133.0
450.0	140.0
450.0	148.0
450.0	155.0
450.0	157.0
450.0	157.0
450.0	157.0
450.0	153.0
450.0	143.0
450.0	131.0
450.0	121.0
452.0	109.0
458.0	102.0
465.0	100.0
471.0	98.0
477.0	98.0
482.0	100.0
483.0	104.0
479.0	115.0
472.0	122.0
461.0	125.0
455.0	125.0
450.0	125.0
450.0	125.0
450.0	125.0
455.0	125.0
464.0	126.0
469.0	130.0
473.0	137.0
481.0	141.0
484.0	143.0
485.0	142.0
487.0	140.0
491.0	135.0
497.0	128.0
524.0	98.0
516.0	97.0
513.0	97.0
503.0	103.0
499.0	113.0
498.0	123.0
497.0	130.0
497.0	137.0
498.0	141.0
502.0	143.0
506.0	143.0
516.0	139.0
523.0	129.0
527.0	121.0
530.0	109.0
530.0	99.0
530.0	98.0
528.0	96.0
528.0	96.0
528.0	96.0
528.0	104.0
532.0	121.0
538.0	134.0
544.0	140.0
546.0	140.0
552.0	141.0
552.0	141.0
552.0	141.0
