6.0	43.0
6.0	43.0
6.0	43.0
8.0	50.0
11.0	58.0
13.0	62.0
13.0	70.0
14.0	78.0
15.0	86.0
15.0	91.0
16.0	100.0
16.0	109.0
16.0	118.0
16.0	128.0
15.0	137.0
15.0	146.0
15.0	156.0
15.0	166.0
15.0	174.0
15.0	183.0
14.0	193.0
14.0	202.0
13.0	214.0
12.0	225.0
11.0	235.0
11.0	244.0
10.0	253.0
10.0	261.0
8.0	271.0
7.0	277.0
7.0	282.0
6.0	290.0
4.0	298.0
2.0	310.0
0.0	318.0
0.0	326.0
0.0	327.0
0.0	327.0
0.0	327.0
0.0	327.0
10.0	48.0
13.0	55.0
17.0	60.0
21.0	66.0
26.0	73.0
33.0	82.0
36.0	85.0
39.0	88.0
43.0	92.0
46.0	94.0
50.0	97.0
57.0	102.0
60.0	103.0
64.0	104.0
69.0	106.0
72.0	106.0
77.0	106.0
85.0	105.0
92.0	103.0
96.0	99.0
100.0	95.0
104.0	89.0
108.0	84.0
113.0	78.0
115.0	71.0
118.0	64.0
121.0	60.0
123.0	54.0
125.0	51.0
125.0	51.0
125.0	51.0
125.0	51.0
125.0	51.0
125.0	51.0
124.0	57.0
122.0	68.0
121.0	81.0
121.0	91.0
121.0	103.0
119.0	115.0
117.0	127.0
116.0	141.0
115.0	153.0
115.0	163.0
114.0	173.0
114.0	184.0
114.0	195.0
114.0	210.0
114.0	221.0
115.0	232.0
115.0	241.0
117.0	250.0
118.0	258.0
119.0	270.0
120.0	279.0
122.0	286.0
123.0	293.0
124.0	299.0
125.0	304.0
127.0	313.0
129.0	317.0
130.0	319.0
132.0	321.0
133.0	322.0
133.0	322.0
133.0	322.0
133.0	322.0
159.0	255.0
151.0	261.0
149.0	266.0
149.0	274.0
148.0	282.0
147.0	290.0
148.0	296.0
150.0	300.0
154.0	308.0
156.0	312.0
159.0	316.0
162.0	320.0
164.0	322.0
169.0	325.0
177.0	328.0
184.0	330.0
193.0	330.0
201.0	329.0
207.0	327.0
212.0	324.0
217.0	319.0
220.0	313.0
222.0	306.0
222.0	298.0
222.0	290.0
222.0	285.0
220.0	276.0
217.0	269.0
214.0	263.0
211.0	260.0
208.0	256.0
204.0	252.0
197.0	248.0
196.0	247.0
193.0	247.0
189.0	246.0
185.0	247.0
180.0	248.0
176.0	249.0
168.0	252.0
167.0	253.0
166.0	253.0
162.0	255.0
158.0	257.0
158.0	257.0
158.0	257.0
158.0	257.0
158.0	257.0
220.0	308.0
220.0	308.0
226.0	315.0
229.0	318.0
233.0	322.0
234.0	323.0
237.0	324.0
239.0	325.0
243.0	327.0
246.0	327.0
249.0	327.0
250.0	327.0
250.0	327.0
250.0	327.0
250.0	327.0
261.0	325.0
270.0	317.0
278.0	307.0
282.0	293.0
283.0	278.0
285.0	261.0
289.0	247.0
293.0	226.0
301.0	193.0
308.0	168.0
311.0	132.0
313.0	102.0
315.0	73.0
315.0	47.0
315.0	38.0
315.0	30.0
315.0	26.0
315.0	26.0
313.0	25.0
309.0	26.0
306.0	32.0
303.0	41.0
301.0	53.0
300.0	68.0
300.0	80.0
300.0	92.0
299.0	108.0
299.0	124.0
300.0	136.0
300.0	149.0
300.0	164.0
300.0	177.0
300.0	191.0
301.0	205.0
302.0	217.0
304.0	230.0
304.0	239.0
305.0	249.0
307.0	258.0
309.0	267.0
309.0	277.0
310.0	286.0
313.0	290.0
315.0	296.0
316.0	302.0
318.0	309.0
322.0	315.0
323.0	317.0
324.0	318.0
328.0	323.0
331.0	326.0
331.0	326.0
331.0	326.0
331.0	326.0
331.0	326.0
296.0	126.0
289.0	125.0
289.0	125.0
289.0	125.0
299.0	128.0
316.0	130.0
321.0	130.0
321.0	130.0
323.0	130.0
323.0	130.0
323.0	130.0
323.0	130.0
323.0	130.0
323.0	130.0
338.0	256.0
338.0	256.0
347.0	262.0
352.0	268.0
357.0	272.0
364.0	276.0
372.0	279.0
384.0	280.0
392.0	279.0
397.0	278.0
398.0	275.0
400.0	267.0
401.0	262.0
400.0	255.0
398.0	251.0
395.0	247.0
388.0	243.0
377.0	237.0
372.0	235.0
370.0	235.0
363.0	238.0
357.0	242.0
353.0	249.0
351.0	257.0
350.0	264.0
349.0	270.0
352.0	279.0
355.0	286.0
355.0	291.0
357.0	296.0
359.0	300.0
362.0	306.0
364.0	311.0
367.0	317.0
369.0	321.0
370.0	323.0
373.0	327.0
376.0	329.0
385.0	331.0
393.0	333.0
401.0	334.0
410.0	335.0
418.0	335.0
422.0	335.0
422.0	335.0
422.0	335.0
423.0	335.0
423.0	335.0
428.0	249.0
428.0	249.0
428.0	249.0
429.0	260.0
431.0	273.0
432.0	282.0
433.0	293.0
433.0	306.0
433.0	316.0
433.0	326.0
433.0	334.0
434.0	337.0
434.0	341.0
434.0	341.0
434.0	341.0
434.0	341.0
435.0	334.0
438.0	322.0
442.0	309.0
444.0	298.0
447.0	285.0
448.0	278.0
451.0	272.0
455.0	266.0
458.0	261.0
467.0	258.0
476.0	256.0
480.0	256.0
484.0	257.0
487.0	260.0
489.0	267.0
489.0	278.0
489.0	289.0
489.0	297.0
489.0	305.0
489.0	313.0
491.0	322.0
491.0	330.0
491.0	331.0
491.0	332.0
491.0	332.0
491.0	332.0
491.0	332.0
492.0	328.0
493.0	318.0
494.0	305.0
495.0	291.0
495.0	281.0
495.0	276.0
496.0	271.0
498.0	265.0
501.0	260.0
503.0	257.0
508.0	255.0
514.0	254.0
522.0	254.0
527.0	254.0
533.0	256.0
538.0	258.0
543.0	261.0
547.0	265.0
549.0	273.0
550.0	282.0
550.0	290.0
549.0	297.0
548.0	303.0
548.0	309.0
548.0	319.0
548.0	323.0
548.0	327.0
548.0	329.0
548.0	331.0
548.0	331.0
548.0	331.0
548.0	331.0
548.0	331.0
548.0	335.0
548.0	337.0
548.0	337.0
548.0	337.0
548.0	337.0
548.0	337.0
548.0	337.0
610.0	260.0
610.0	260.0
601.0	259.0
593.0	260.0
587.0	262.0
582.0	263.0
576.0	267.0
570.0	272.0
567.0	279.0
565.0	286.0
565.0	294.0
566.0	300.0
568.0	306.0
571.0	313.0
576.0	320.0
580.0	324.0
583.0	326.0
588.0	330.0
592.0	334.0
597.0	337.0
604.0	340.0
609.0	341.0
614.0	341.0
620.0	341.0
625.0	340.0
630.0	338.0
634.0	334.0
639.0	329.0
641.0	324.0
642.0	319.0
644.0	314.0
644.0	306.0
642.0	301.0
640.0	294.0
639.0	291.0
636.0	284.0
632.0	279.0
631.0	277.0
628.0	273.0
624.0	269.0
623.0	268.0
619.0	266.0
615.0	264.0
613.0	263.0
613.0	263.0
611.0	263.0
609.0	263.0
640.0	327.0
640.0	327.0
640.0	327.0
648.0	333.0
652.0	336.0
657.0	339.0
660.0	339.0
664.0	339.0
665.0	339.0
665.0	339.0
675.0	334.0
682.0	322.0
686.0	306.0
690.0	285.0
696.0	255.0
701.0	206.0
701.0	167.0
701.0	135.0
703.0	104.0
710.0	73.0
715.0	43.0
713.0	17.0
711.0	1.0
711.0	0.0
711.0	0.0
711.0	0.0
709.0	1.0
701.0	14.0
699.0	26.0
699.0	37.0
700.0	48.0
703.0	60.0
705.0	73.0
707.0	87.0
707.0	101.0
707.0	115.0
707.0	129.0
707.0	144.0
705.0	157.0
705.0	170.0
707.0	185.0
708.0	196.0
710.0	206.0
710.0	215.0
710.0	223.0
712.0	230.0
713.0	238.0
714.0	244.0
714.0	253.0
715.0	261.0
715.0	269.0
717.0	275.0
719.0	285.0
721.0	294.0
722.0	300.0
725.0	305.0
729.0	309.0
730.0	310.0
732.0	310.0
737.0	314.0
740.0	317.0
743.0	319.0
746.0	320.0
749.0	322.0
753.0	325.0
753.0	325.0
753.0	325.0
754.0	325.0
685.0	150.0
685.0	150.0
714.0	156.0
746.0	156.0
749.0	155.0
752.0	155.0
752.0	155.0
752.0	155.0
758.0	253.0
758.0	253.0
758.0	253.0
758.0	263.0
758.0	275.0
758.0	287.0
760.0	298.0
763.0	305.0
764.0	310.0
768.0	318.0
771.0	324.0
772.0	327.0
777.0	331.0
779.0	333.0
780.0	336.0
784.0	340.0
785.0	341.0
785.0	341.0
785.0	341.0
759.0	200.0
759.0	200.0
759.0	200.0
759.0	205.0
760.0	207.0
760.0	207.0
803.0	219.0
803.0	219.0
812.0	203.0
822.0	180.0
837.0	148.0
855.0	117.0
862.0	89.0
862.0	60.0
861.0	47.0
858.0	35.0
857.0	31.0
857.0	31.0
856.0	29.0
855.0	29.0
849.0	35.0
844.0	45.0
842.0	54.0
840.0	65.0
839.0	76.0
838.0	90.0
837.0	103.0
836.0	115.0
836.0	127.0
836.0	139.0
835.0	154.0
832.0	175.0
828.0	187.0
826.0	202.0
826.0	219.0
826.0	234.0
826.0	244.0
826.0	256.0
825.0	269.0
825.0	277.0
825.0	282.0
825.0	293.0
827.0	305.0
829.0	316.0
829.0	321.0
829.0	325.0
830.0	330.0
831.0	338.0
831.0	339.0
831.0	339.0
831.0	339.0
831.0	339.0
831.0	339.0
826.0	267.0
826.0	267.0
832.0	259.0
834.0	251.0
838.0	243.0
844.0	237.0
847.0	235.0
852.0	236.0
858.0	240.0
861.0	243.0
866.0	246.0
868.0	248.0
871.0	253.0
872.0	260.0
873.0	265.0
873.0	270.0
870.0	276.0
866.0	279.0
859.0	280.0
848.0	280.0
839.0	281.0
835.0	281.0
833.0	282.0
833.0	282.0
833.0	282.0
833.0	282.0
833.0	282.0
833.0	282.0
833.0	282.0
838.0	286.0
847.0	294.0
853.0	300.0
857.0	305.0
865.0	311.0
872.0	315.0
876.0	319.0
883.0	325.0
886.0	328.0
891.0	330.0
894.0	331.0
898.0	334.0
899.0	335.0
899.0	335.0
899.0	335.0
899.0	335.0
899.0	335.0
929.0	254.0
924.0	253.0
920.0	253.0
916.0	255.0
910.0	264.0
907.0	274.0
905.0	282.0
905.0	290.0
907.0	298.0
910.0	307.0
912.0	316.0
914.0	323.0
917.0	329.0
920.0	336.0
924.0	341.0
929.0	345.0
940.0	351.0
950.0	353.0
957.0	353.0
964.0	353.0
969.0	350.0
973.0	348.0
978.0	344.0
981.0	338.0
982.0	333.0
982.0	325.0
982.0	316.0
980.0	308.0
976.0	299.0
973.0	294.0
969.0	289.0
966.0	284.0
964.0	281.0
960.0	276.0
956.0	272.0
953.0	269.0
950.0	266.0
947.0	263.0
943.0	259.0
941.0	258.0
939.0	257.0
932.0	255.0
925.0	252.0
920.0	250.0
920.0	250.0
920.0	250.0
976.0	329.0
981.0	333.0
985.0	337.0
989.0	341.0
995.0	343.0
998.0	345.0
999.0	345.0
1002.0	345.0
1004.0	346.0
1004.0	346.0
1004.0	346.0
1005.0	345.0
