28.0	0.0
28.0	22.0
28.0	77.0
28.0	133.0
22.0	191.0
17.0	228.0
9.0	261.0
3.0	298.0
1.0	319.0
0.0	329.0
0.0	333.0
0.0	336.0
0.0	336.0
0.0	336.0
25.0	3.0
42.0	25.0
53.0	42.0
61.0	60.0
67.0	80.0
72.0	103.0
75.0	114.0
77.0	120.0
78.0	124.0
80.0	127.0
82.0	131.0
82.0	131.0
88.0	133.0
91.0	133.0
91.0	133.0
93.0	133.0
93.0	133.0
97.0	133.0
107.0	132.0
117.0	103.0
127.0	80.0
131.0	70.0
133.0	63.0
136.0	55.0
139.0	41.0
141.0	25.0
143.0	14.0
144.0	6.0
144.0	6.0
144.0	3.0
144.0	3.0
144.0	3.0
144.0	3.0
144.0	3.0
144.0	3.0
144.0	3.0
144.0	3.0
144.0	3.0
144.0	3.0
144.0	3.0
145.0	24.0
145.0	43.0
146.0	75.0
146.0	105.0
146.0	139.0
147.0	168.0
147.0	192.0
147.0	211.0
147.0	237.0
147.0	256.0
147.0	271.0
147.0	283.0
147.0	289.0
147.0	296.0
147.0	296.0
147.0	299.0
147.0	299.0
147.0	299.0
147.0	299.0
147.0	299.0
147.0	302.0
147.0	302.0
147.0	305.0
147.0	305.0
237.0	188.0
229.0	188.0
207.0	189.0
194.0	198.0
186.0	210.0
180.0	224.0
176.0	240.0
172.0	259.0
171.0	268.0
170.0	276.0
170.0	284.0
170.0	292.0
170.0	309.0
179.0	318.0
191.0	320.0
207.0	320.0
225.0	317.0
236.0	309.0
241.0	305.0
249.0	299.0
253.0	291.0
254.0	281.0
254.0	258.0
254.0	241.0
254.0	225.0
254.0	215.0
254.0	206.0
254.0	197.0
254.0	191.0
254.0	183.0
254.0	183.0
254.0	183.0
254.0	183.0
254.0	183.0
253.0	183.0
250.0	183.0
246.0	183.0
243.0	183.0
240.0	183.0
240.0	183.0
238.0	183.0
238.0	183.0
238.0	183.0
238.0	183.0
238.0	183.0
238.0	183.0
238.0	183.0
238.0	183.0
251.0	164.0
251.0	171.0
253.0	190.0
253.0	210.0
253.0	228.0
253.0	238.0
254.0	247.0
254.0	257.0
256.0	277.0
257.0	294.0
257.0	304.0
257.0	309.0
257.0	318.0
257.0	326.0
257.0	329.0
257.0	332.0
342.0	27.0
342.0	27.0
342.0	27.0
342.0	61.0
342.0	89.0
342.0	133.0
342.0	154.0
342.0	170.0
341.0	182.0
340.0	197.0
340.0	219.0
340.0	237.0
340.0	250.0
340.0	265.0
340.0	280.0
340.0	297.0
340.0	312.0
340.0	323.0
347.0	330.0
356.0	331.0
361.0	331.0
364.0	331.0
380.0	331.0
388.0	331.0
392.0	331.0
399.0	330.0
401.0	326.0
403.0	323.0
404.0	320.0
404.0	320.0
404.0	320.0
319.0	121.0
330.0	121.0
351.0	121.0
360.0	121.0
369.0	121.0
374.0	121.0
382.0	121.0
385.0	121.0
463.0	238.0
463.0	238.0
484.0	230.0
498.0	225.0
510.0	221.0
523.0	216.0
532.0	211.0
539.0	209.0
546.0	206.0
548.0	203.0
549.0	199.0
549.0	193.0
545.0	189.0
534.0	185.0
515.0	184.0
494.0	184.0
478.0	184.0
467.0	184.0
459.0	184.0
455.0	184.0
450.0	191.0
448.0	195.0
446.0	209.0
446.0	232.0
446.0	247.0
446.0	259.0
458.0	267.0
468.0	274.0
471.0	277.0
481.0	288.0
491.0	292.0
505.0	292.0
514.0	292.0
521.0	292.0
526.0	292.0
537.0	292.0
542.0	292.0
545.0	292.0
548.0	292.0
548.0	292.0
551.0	290.0
551.0	290.0
591.0	173.0
591.0	173.0
591.0	187.0
591.0	206.0
591.0	222.0
591.0	238.0
591.0	256.0
591.0	271.0
591.0	284.0
591.0	292.0
591.0	298.0
591.0	301.0
591.0	304.0
591.0	307.0
591.0	307.0
591.0	307.0
591.0	307.0
591.0	307.0
591.0	300.0
591.0	275.0
591.0	262.0
591.0	250.0
591.0	240.0
591.0	228.0
591.0	216.0
591.0	201.0
591.0	191.0
591.0	177.0
601.0	169.0
605.0	165.0
611.0	162.0
615.0	161.0
622.0	161.0
627.0	161.0
630.0	161.0
635.0	161.0
637.0	161.0
642.0	176.0
644.0	191.0
645.0	204.0
645.0	215.0
645.0	228.0
645.0	236.0
645.0	249.0
645.0	263.0
645.0	280.0
645.0	290.0
645.0	293.0
645.0	296.0
645.0	296.0
645.0	299.0
645.0	299.0
645.0	299.0
645.0	299.0
645.0	299.0
645.0	297.0
645.0	276.0
645.0	258.0
645.0	240.0
645.0	229.0
645.0	218.0
645.0	212.0
645.0	198.0
645.0	192.0
651.0	188.0
659.0	185.0
663.0	183.0
677.0	181.0
684.0	180.0
687.0	180.0
694.0	180.0
701.0	180.0
704.0	180.0
706.0	180.0
708.0	182.0
712.0	197.0
712.0	213.0
712.0	225.0
712.0	237.0
712.0	249.0
712.0	256.0
712.0	267.0
712.0	274.0
712.0	277.0
712.0	277.0
712.0	277.0
795.0	182.0
795.0	178.0
795.0	180.0
785.0	191.0
768.0	199.0
754.0	210.0
749.0	214.0
745.0	233.0
744.0	249.0
743.0	266.0
743.0	272.0
743.0	281.0
743.0	285.0
754.0	288.0
769.0	289.0
779.0	289.0
788.0	289.0
798.0	289.0
813.0	281.0
829.0	270.0
838.0	256.0
841.0	250.0
845.0	242.0
846.0	230.0
846.0	223.0
846.0	216.0
846.0	211.0
831.0	209.0
821.0	206.0
816.0	205.0
813.0	204.0
807.0	203.0
804.0	202.0
799.0	202.0
792.0	202.0
784.0	200.0
781.0	200.0
777.0	200.0
777.0	200.0
775.0	200.0
775.0	200.0
774.0	197.0
774.0	197.0
773.0	194.0
769.0	192.0
767.0	192.0
764.0	192.0
761.0	192.0
761.0	192.0
761.0	192.0
761.0	192.0
761.0	192.0
834.0	179.0
834.0	179.0
834.0	184.0
834.0	202.0
834.0	219.0
834.0	230.0
834.0	237.0
835.0	240.0
836.0	247.0
836.0	251.0
843.0	259.0
848.0	268.0
849.0	275.0
850.0	283.0
857.0	285.0
864.0	295.0
865.0	299.0
867.0	302.0
867.0	302.0
868.0	305.0
868.0	305.0
868.0	305.0
868.0	305.0
868.0	305.0
920.0	43.0
920.0	43.0
920.0	54.0
920.0	71.0
920.0	87.0
920.0	118.0
920.0	132.0
920.0	144.0
921.0	155.0
921.0	168.0
921.0	177.0
921.0	193.0
922.0	206.0
923.0	217.0
924.0	230.0
924.0	238.0
926.0	247.0
928.0	260.0
931.0	267.0
935.0	279.0
939.0	288.0
945.0	294.0
952.0	298.0
959.0	303.0
962.0	306.0
965.0	308.0
972.0	309.0
982.0	309.0
985.0	309.0
985.0	309.0
893.0	112.0
900.0	112.0
916.0	112.0
930.0	112.0
937.0	112.0
948.0	112.0
956.0	112.0
960.0	112.0
963.0	112.0
1032.0	177.0
1032.0	177.0
1039.0	192.0
1043.0	214.0
1047.0	236.0
1051.0	252.0
1052.0	268.0
1052.0	275.0
1053.0	279.0
1053.0	282.0
1025.0	157.0
1025.0	157.0
1025.0	157.0
1025.0	157.0
1025.0	157.0
1025.0	157.0
1025.0	157.0
1025.0	157.0
1025.0	157.0
1025.0	157.0
1111.0	51.0
1111.0	51.0
1111.0	71.0
1111.0	112.0
1111.0	150.0
1111.0	210.0
1111.0	243.0
1111.0	271.0
1111.0	283.0
1112.0	290.0
1112.0	290.0
1112.0	293.0
1112.0	293.0
1165.0	179.0
1165.0	179.0
1155.0	194.0
1140.0	206.0
1122.0	213.0
1116.0	215.0
1112.0	217.0
1108.0	218.0
1108.0	218.0
1108.0	218.0
1108.0	218.0
1108.0	218.0
1108.0	219.0
1122.0	227.0
1143.0	235.0
1165.0	255.0
1170.0	262.0
1177.0	269.0
1177.0	269.0
1262.0	181.0
1262.0	181.0
1253.0	181.0
1234.0	181.0
1220.0	181.0
1212.0	187.0
1206.0	202.0
1202.0	213.0
1200.0	224.0
1197.0	234.0
1196.0	244.0
1196.0	258.0
1196.0	267.0
1196.0	278.0
1214.0	282.0
1222.0	282.0
1236.0	282.0
1247.0	276.0
1256.0	265.0
1262.0	258.0
1267.0	250.0
1268.0	246.0
1268.0	235.0
1268.0	220.0
1268.0	208.0
1268.0	198.0
1268.0	191.0
1268.0	187.0
1268.0	184.0
1268.0	184.0
1268.0	184.0
1268.0	184.0
1268.0	184.0
1268.0	184.0
1257.0	158.0
1259.0	164.0
1263.0	177.0
1266.0	188.0
1269.0	201.0
1272.0	212.0
1274.0	226.0
1275.0	234.0
1277.0	243.0
1279.0	251.0
1283.0	263.0
1288.0	277.0
1297.0	284.0
1304.0	288.0
1307.0	289.0
1310.0	291.0
1310.0	291.0
1310.0	291.0
1310.0	291.0
