33	300	33	300	2124
33	300	33	322	2157
33	322	33	369	2190
33	369	33	410	2224
33	410	33	441	2257
33	441	33	458	2290
33	458	33	484	2324
33	484	33	507	2357
33	507	33	525	2391
33	525	33	540	2424
33	540	33	567	2457
33	567	32	587	2490
32	587	30	602	2523
30	602	29	608	2557
29	608	24	617	2590
24	617	19	626	2624
19	626	18	628	2657
18	628	17	631	2691
34	304	38	304	4557
38	304	53	319	4591
53	319	71	348	4624
71	348	78	360	4657
78	360	83	369	4691
83	369	85	373	4724
85	373	88	393	4757
88	393	88	399	4791
88	399	89	406	4824
89	406	89	409	4857
89	409	89	409	4891
89	409	91	412	4924
91	412	91	412	4957
91	412	91	412	4990
91	412	91	412	5023
91	412	95	412	5057
95	412	102	412	5090
102	412	117	395	5124
117	395	133	371	5157
133	371	148	331	5190
148	331	158	310	5223
158	310	163	298	5257
163	298	165	294	5290
165	294	167	290	5323
167	290	167	290	5358
167	290	167	290	5391
167	290	167	290	5424
167	290	167	290	5457
167	290	167	290	5491
167	290	167	309	5523
167	309	167	343	5557
167	343	167	395	5590
167	395	167	451	5624
167	451	167	494	5657
167	494	167	531	5690
167	531	167	556	5724
167	556	165	570	5758
165	570	165	577	5790
165	577	165	581	5823
165	581	165	583	5857
165	583	165	583	5890
165	583	165	583	5924
165	583	165	583	5957
165	583	165	583	5991
282	475	282	475	7024
282	475	282	475	7057
282	475	255	480	7091
255	480	238	498	7124
238	498	229	517	7158
229	517	222	537	7190
222	537	221	550	7224
221	550	221	562	7257
221	562	221	581	7290
221	581	221	595	7324
221	595	223	604	7357
223	604	240	606	7390
240	606	257	606	7424
257	606	273	606	7457
273	606	290	601	7491
290	601	298	592	7524
298	592	305	579	7557
305	579	316	566	7591
316	566	323	540	7624
323	540	323	520	7658
323	520	323	504	7691
323	504	319	494	7724
319	494	312	487	7758
312	487	305	484	7790
305	484	302	484	7824
302	484	296	484	7857
296	484	288	484	7890
288	484	276	484	7924
276	484	266	484	7957
266	484	254	484	7990
254	484	250	484	8024
250	484	247	484	8057
312	477	312	477	9390
312	477	312	477	9423
312	477	312	499	9458
312	499	312	529	9490
312	529	312	545	9524
312	545	312	557	9557
312	557	312	564	9590
312	564	316	578	9624
316	578	321	585	9657
321	585	334	589	9691
334	589	343	597	9724
343	597	351	604	9757
351	604	353	607	9790
353	607	356	610	9823
356	610	356	610	9857
417	303	417	314	10991
417	314	417	341	11024
417	341	408	375	11057
408	375	402	425	11090
402	425	401	461	11124
401	461	401	488	11157
401	488	401	515	11191
401	515	401	543	11224
401	543	401	559	11257
401	559	406	571	11291
406	571	421	585	11324
421	585	446	601	11357
446	601	461	607	11391
461	607	481	611	11424
481	611	495	613	11457
495	613	502	614	11490
383	425	391	425	12523
391	425	410	425	12557
410	425	423	425	12590
423	425	430	425	12624
430	425	433	425	12657
433	425	436	425	12690
436	425	440	425	12724
440	425	446	425	12757
446	425	446	425	12791
543	534	543	534	13724
543	534	560	530	13757
560	530	584	526	13790
584	526	597	523	13823
597	523	604	509	13857
604	509	606	497	13891
606	497	606	491	13924
606	491	606	482	13957
606	482	597	475	13991
597	475	582	473	14023
582	473	569	472	14057
569	472	560	472	14091
560	472	551	472	14124
551	472	546	474	14158
546	474	539	488	14191
539	488	532	505	14224
532	505	530	517	14257
530	517	530	532	14291
530	532	530	540	14324
530	540	531	544	14357
531	544	539	552	14390
539	552	547	559	14424
547	559	556	569	14457
556	569	571	575	14491
571	575	586	577	14524
586	577	601	578	14557
601	578	612	578	14590
612	578	620	578	14624
620	578	620	578	14657
620	578	620	578	14691
655	476	655	476	15858
655	476	655	476	15890
655	476	655	492	15924
655	492	655	509	15957
655	509	661	529	15990
661	529	664	560	16024
664	560	664	576	16058
664	576	664	588	16091
664	588	664	604	16123
664	604	664	614	16157
664	614	664	618	16191
664	618	664	621	16223
664	621	664	623	16257
664	623	664	617	16291
664	617	664	580	16324
664	580	663	553	16358
663	553	663	536	16391
663	536	663	524	16424
663	524	663	510	16458
663	510	663	498	16491
663	498	669	485	16524
669	485	674	478	16557
674	478	682	472	16590
682	472	697	472	16624
697	472	706	476	16657
706	476	712	487	16691
712	487	717	497	16724
717	497	718	510	16757
718	510	718	526	16791
718	526	718	542	16824
718	542	718	559	16857
718	559	718	576	16891
718	576	718	587	16924
718	587	717	593	16957
717	593	716	596	16991
716	596	716	596	17024
716	596	716	596	17058
716	596	716	596	17091
716	596	716	596	17123
716	596	716	596	17157
716	596	716	581	17191
716	581	716	565	17224
716	565	716	549	17257
716	549	716	534	17290
716	534	716	522	17324
716	522	716	517	17357
716	517	716	510	17391
716	510	716	507	17424
716	507	718	504	17458
718	504	721	502	17490
721	502	731	501	17524
731	501	745	497	17557
745	497	755	491	17591
755	491	764	491	17624
764	491	769	491	17658
769	491	776	491	17690
776	491	778	495	17724
778	495	781	508	17757
781	508	782	521	17791
782	521	782	531	17824
782	531	782	538	17858
782	538	782	554	17890
782	554	782	569	17924
782	569	782	574	17957
782	574	782	577	17991
782	577	782	580	18024
782	580	782	580	18057
782	580	782	580	18090
782	580	782	580	18124
782	580	782	580	18157
876	506	876	506	19491
876	506	876	506	19524
876	506	858	510	19557
858	510	837	539	19591
837	539	824	559	19624
824	559	817	575	19657
817	575	817	586	19691
817	586	817	598	19724
817	598	817	611	19758
817	611	817	622	19790
817	622	837	628	19824
837	628	852	628	19858
852	628	865	628	19890
865	628	876	618	19924
876	618	887	607	19958
887	607	892	598	19990
892	598	895	587	20024
895	587	895	570	20057
895	570	895	550	20090
895	550	895	537	20124
895	537	895	527	20157
895	527	895	523	20191
895	523	895	517	20224
895	517	895	514	20257
895	514	892	513	20291
892	513	892	513	20324
892	513	890	513	20357
890	513	890	513	20391
890	513	890	513	20424
890	513	887	513	20458
887	513	876	513	20491
876	513	867	513	20524
867	513	864	513	20557
864	513	861	513	20591
861	513	861	513	20624
861	513	861	513	20657
861	513	861	513	20691
861	513	861	513	20724
882	497	882	497	21657
882	497	882	497	21691
882	497	884	530	21724
884	530	885	544	21757
885	544	885	556	21791
885	556	886	567	21824
886	567	890	583	21857
890	583	893	599	21890
893	599	897	612	21924
897	612	904	622	21958
904	622	915	630	21990
915	630	918	633	22024
918	633	930	638	22058
930	638	936	641	22090
936	641	943	643	22124
943	643	946	648	22158
987	316	987	316	23325
987	316	987	344	23357
987	344	987	385	23391
987	385	987	425	23424
987	425	987	473	23457
987	473	989	520	23490
989	520	994	569	23524
994	569	999	587	23558
999	587	1015	608	23591
1015	608	1027	621	23624
1027	621	1050	631	23657
1050	631	1062	638	23691
1062	638	1069	641	23724
1069	641	1081	641	23758
962	472	981	472	24624
981	472	1000	472	24658
1000	472	1011	472	24691
1011	472	1019	472	24725
1019	472	1019	472	24758
1019	472	1021	472	24791
1021	472	1024	472	24824
1024	472	1032	471	24857
1032	471	1039	469	24891
1110	519	1110	528	25991
1110	528	1122	568	26024
1122	568	1125	597	26058
1125	597	1128	615	26091
1128	615	1129	621	26124
1129	621	1130	628	26157
1095	484	1095	484	27857
1095	484	1102	484	27891
1102	484	1104	484	27924
1104	484	1107	485	27958
1107	485	1107	485	27991
1107	485	1110	486	28024
1110	486	1113	486	28058
1113	486	1116	487	28090
1116	487	1116	487	28124
1189	327	1189	338	29524
1189	338	1189	380	29557
1189	380	1189	429	29591
1189	429	1189	483	29624
1189	483	1189	545	29658
1189	545	1189	592	29691
1189	592	1189	628	29725
1189	628	1189	635	29758
1189	635	1189	639	29790
1189	639	1189	642	29824
1189	642	1189	645	29857
1189	645	1189	645	29891
1189	645	1189	645	29924
1247	487	1247	487	31324
1247	487	1247	487	31357
1247	487	1215	528	31391
1215	528	1199	550	31424
1199	550	1194	557	31458
1194	557	1188	565	31491
1188	565	1187	568	31524
1187	568	1187	568	31557
1187	568	1187	568	31591
1187	568	1187	568	31624
1187	568	1187	568	31657
1187	568	1187	572	31691
1187	572	1202	577	31725
1202	577	1219	584	31758
1219	584	1231	591	31791
1231	591	1243	605	31825
1243	605	1250	612	31857
1250	612	1253	614	31891
1253	614	1257	617	31924
1257	617	1257	617	31958
1257	617	1260	618	31991
1260	618	1260	618	32024
1260	618	1260	618	32058
1260	618	1264	619	32090
1264	619	1272	628	32124
1272	628	1283	637	32158
1283	637	1290	641	32191
1290	641	1293	642	32224
1293	642	1296	644	32258
1296	644	1296	644	32291
1384	502	1384	502	34191
1384	502	1378	502	34224
1378	502	1364	502	34258
1364	502	1347	505	34291
1347	505	1331	514	34324
1331	514	1323	525	34358
1323	525	1318	544	34391
1318	544	1314	558	34425
1314	558	1312	569	34458
1312	569	1312	574	34491
1312	574	1312	585	34524
1312	585	1312	595	34558
1312	595	1319	611	34592
1319	611	1336	617	34624
1336	617	1349	620	34658
1349	620	1363	622	34692
1363	622	1377	622	34724
1377	622	1394	622	34757
1394	622	1408	622	34791
1408	622	1416	615	34825
1416	615	1420	605	34858
1420	605	1422	588	34892
1422	588	1422	568	34925
1422	568	1422	547	34958
1422	547	1422	531	34991
1422	531	1415	520	35024
1415	520	1409	514	35058
1409	514	1409	514	35091
1409	514	1405	512	35125
1405	512	1397	512	35158
1397	512	1390	512	35191
1390	512	1387	512	35224
1387	512	1380	512	35257
1380	512	1377	512	35291
1377	512	1374	512	35325
1374	512	1371	512	35357
1371	512	1371	512	35391
1371	512	1371	512	35424
1371	512	1371	512	35458
1371	512	1370	512	35491
1370	512	1370	512	35524
1370	512	1370	512	35558
1370	512	1370	512	35591
1370	512	1370	512	35625
1370	512	1370	512	35657
1370	512	1370	512	35691
1370	512	1370	512	35724
1370	512	1361	512	35757
1361	512	1348	512	35791
1348	512	1344	512	35824
1344	512	1341	512	35857
1341	512	1338	512	35891
1338	512	1335	512	35925
1368	465	1374	465	37691
1374	465	1385	468	37724
1385	468	1393	478	37758
1393	478	1396	483	37791
1396	483	1402	490	37825
1402	490	1404	497	37858
1404	497	1408	507	37891
1408	507	1413	524	37924
1413	524	1422	548	37958
1422	548	1427	565	37991
1427	565	1428	572	38024
1428	572	1429	582	38058
1429	582	1429	591	38091
1429	591	1429	607	38124
1429	607	1429	614	38158
1429	614	1429	617	38191
1429	617	1429	620	38224
1429	620	1429	620	38257
1429	620	1429	620	38291
1429	620	1429	622	38325
1429	622	1434	623	38358
1434	623	1446	623	38391
1446	623	1451	623	38424
1451	623	1454	623	38458
1454	623	1458	623	38491
1458	623	1470	623	38525
1470	623	1477	623	38558
1477	623	1480	623	38591
1480	623	1483	623	38624
1483	623	1483	623	38657
1483	623	1483	623	38691
1483	623	1483	623	38724
1483	623	1483	623	38758
1483	623	1483	623	38791
1483	623	1483	623	38824
1483	623	1483	623	38857
