46	884	46	884	7080
46	884	46	884	7112
46	884	46	884	7146
46	884	47	875	7179
47	875	49	855	7212
49	855	50	841	7245
50	841	55	807	7279
55	807	58	756	7312
58	756	54	708	7345
54	708	44	654	7378
44	654	33	598	7412
33	598	24	534	7446
24	534	26	496	7479
26	496	26	471	7512
26	471	26	454	7546
26	454	27	446	7579
27	446	27	446	7612
27	446	29	446	7645
29	446	32	453	7679
32	453	36	464	7712
36	464	45	488	7746
45	488	62	527	7779
62	527	84	572	7812
84	572	103	603	7846
103	603	115	633	7879
115	633	117	638	7912
117	638	117	639	7946
117	639	118	639	7979
118	639	128	629	8012
128	629	156	594	8046
156	594	180	557	8079
180	557	207	513	8112
207	513	235	474	8146
235	474	254	451	8179
254	451	255	450	8212
255	450	255	450	8246
255	450	255	455	8279
255	455	255	485	8312
255	485	251	551	8346
251	551	245	621	8378
245	621	245	689	8412
245	689	250	759	8445
250	759	256	800	8478
256	800	256	837	8512
256	837	258	859	8545
258	859	258	865	8579
258	865	258	865	8612
258	865	260	862	8646
371	709	361	705	9479
361	705	349	702	9512
349	702	339	702	9546
339	702	324	707	9579
324	707	298	738	9612
298	738	275	778	9645
275	778	262	811	9678
262	811	260	844	9712
260	844	262	868	9746
262	868	266	889	9779
266	889	284	907	9812
284	907	295	914	9845
295	914	304	915	9878
304	915	320	902	9912
320	902	346	864	9945
346	864	367	828	9979
367	828	383	794	10012
383	794	391	769	10045
391	769	391	748	10079
391	748	389	738	10112
389	738	386	730	10145
386	730	385	726	10179
385	726	385	726	10212
385	726	384	723	10246
384	723	383	719	10279
383	719	383	719	10313
383	719	383	721	10346
383	721	380	735	10378
380	735	380	770	10412
380	770	389	832	10446
389	832	395	875	10479
395	875	403	909	10512
403	909	410	931	10546
410	931	412	934	10578
412	934	413	935	10612
413	935	415	937	10645
415	937	415	937	10679
415	937	415	937	10712
415	937	415	936	10746
455	468	461	465	12112
461	465	465	462	12146
465	462	465	462	12179
465	462	466	469	12212
466	469	469	486	12245
469	486	470	533	12279
470	533	477	601	12312
477	601	477	674	12346
477	674	477	738	12379
477	738	477	790	12412
477	790	475	833	12446
475	833	482	857	12479
482	857	482	875	12512
482	875	482	887	12546
482	887	482	892	12578
482	892	483	894	12613
483	894	483	894	12645
402	577	407	580	13412
407	580	414	581	13446
414	581	427	582	13479
427	582	457	582	13513
457	582	499	577	13546
499	577	532	573	13579
532	573	560	573	13612
560	573	562	573	13646
562	573	562	573	13679
562	573	562	573	13712
562	573	562	573	13746
514	802	514	802	14546
514	802	514	802	14579
514	802	514	802	14612
514	802	529	806	14646
529	806	545	810	14679
545	810	562	814	14713
562	814	577	815	14746
577	815	590	810	14779
590	810	605	801	14813
605	801	612	789	14845
612	789	618	772	14879
618	772	616	747	14912
616	747	601	718	14946
601	718	585	696	14979
585	696	557	675	15013
557	675	534	666	15045
534	666	525	667	15079
525	667	514	687	15112
514	687	496	720	15146
496	720	491	751	15179
491	751	491	790	15213
491	790	494	819	15245
494	819	501	841	15279
501	841	505	847	15312
505	847	516	857	15345
516	857	524	866	15379
524	866	535	871	15412
535	871	542	872	15446
542	872	553	873	15479
553	873	565	873	15512
565	873	577	873	15546
577	873	591	874	15579
591	874	602	874	15612
602	874	618	874	15646
618	874	633	873	15679
633	873	643	871	15712
643	871	643	871	15745
668	700	669	709	16379
669	709	669	723	16413
669	723	668	738	16446
668	738	665	755	16478
665	755	661	775	16512
661	775	657	812	16546
657	812	657	840	16579
657	840	661	850	16612
661	850	663	856	16646
663	856	663	861	16679
663	861	663	861	16712
663	861	663	861	16745
663	861	662	861	16779
662	861	662	853	16812
662	853	663	840	16845
663	840	664	823	16879
664	823	663	811	16913
663	811	659	791	16946
659	791	655	774	16978
655	774	654	764	17012
654	764	654	750	17046
654	750	655	741	17079
655	741	657	732	17113
657	732	663	724	17145
663	724	668	721	17179
668	721	674	719	17212
674	719	683	718	17245
683	718	692	718	17279
692	718	701	719	17312
701	719	708	723	17345
708	723	714	728	17378
714	728	722	736	17412
722	736	726	755	17446
726	755	726	771	17479
726	771	725	786	17512
725	786	724	801	17545
724	801	723	813	17579
723	813	723	830	17612
723	830	725	839	17646
725	839	726	843	17678
726	843	727	847	17713
727	847	729	854	17746
729	854	729	858	17779
729	858	729	858	17812
729	858	728	857	17846
728	857	726	838	17879
726	838	724	792	17912
724	792	726	760	17946
726	760	732	727	17979
732	727	735	695	18013
735	695	739	675	18045
739	675	746	665	18079
746	665	751	656	18112
751	656	753	653	18145
753	653	754	653	18179
754	653	762	666	18212
762	666	769	681	18246
769	681	775	695	18279
775	695	779	710	18312
779	710	785	722	18345
785	722	788	731	18378
788	731	790	741	18412
790	741	791	752	18445
791	752	793	765	18479
793	765	793	780	18512
793	780	793	795	18545
793	795	794	811	18579
794	811	797	827	18612
797	827	799	836	18646
799	836	801	840	18679
801	840	801	841	18712
801	841	802	838	18746
924	719	922	711	20279
922	711	915	703	20312
915	703	905	699	20346
905	699	893	698	20378
893	698	880	702	20412
880	702	867	707	20446
867	707	856	715	20479
856	715	846	727	20513
846	727	833	736	20545
833	736	826	747	20579
826	747	821	762	20612
821	762	821	774	20645
821	774	825	789	20679
825	789	834	804	20712
834	804	847	823	20746
847	823	866	840	20779
866	840	889	853	20812
889	853	893	853	20845
893	853	901	846	20879
901	846	911	835	20913
911	835	924	825	20946
924	825	936	811	20979
936	811	951	777	21012
951	777	951	759	21046
951	759	949	750	21079
949	750	947	743	21113
947	743	945	735	21145
945	735	945	726	21179
945	726	945	721	21212
945	721	945	720	21246
945	720	945	720	21279
945	720	945	720	21313
945	720	944	720	21345
944	720	943	728	21379
943	728	939	750	21412
939	750	934	789	21446
934	789	933	831	21478
933	831	938	867	21512
938	867	940	894	21546
940	894	943	908	21579
943	908	945	918	21612
945	918	948	923	21645
948	923	950	929	21679
950	929	952	932	21713
952	932	952	932	21745
952	932	952	932	21779
952	932	954	927	21812
1006	569	1006	569	22746
1006	569	1006	584	22779
1006	584	1006	613	22813
1006	613	1006	670	22845
1006	670	1013	732	22879
1013	732	1013	775	22912
1013	775	1011	808	22946
1011	808	1013	851	22979
1013	851	1016	885	23012
1016	885	1016	895	23045
1016	895	1016	902	23079
1016	902	1016	902	23112
1016	902	1017	905	23146
1017	905	1019	910	23179
939	659	939	659	23646
939	659	939	659	23679
939	659	952	665	23712
952	665	991	669	23745
991	669	1041	675	23779
1041	675	1105	675	23813
1105	675	1128	674	23846
1128	674	1141	673	23879
1141	673	1142	673	23912
1142	673	1142	673	23946
1110	729	1110	738	24413
1110	738	1110	752	24445
1110	752	1109	772	24479
1109	772	1109	796	24512
1109	796	1109	828	24546
1109	828	1111	849	24579
1111	849	1115	856	24613
1115	856	1116	860	24646
1116	860	1117	865	24679
1117	865	1118	870	24713
1118	870	1118	871	24746
1118	871	1116	869	24779
1112	687	1112	687	25412
1112	687	1107	695	25446
1107	695	1107	700	25479
1107	700	1109	703	25513
1109	703	1110	703	25546
1110	703	1111	703	25579
1111	703	1115	701	25612
1115	701	1118	697	25646
1118	697	1119	694	25679
1119	694	1120	693	25712
1120	693	1120	693	25746
1120	693	1119	691	25779
1119	691	1118	690	25812
1159	606	1159	606	26513
1159	606	1158	626	26546
1158	626	1158	650	26579
1158	650	1157	697	26612
1157	697	1148	737	26646
1148	737	1141	783	26679
1141	783	1139	822	26713
1139	822	1139	836	26745
1139	836	1139	843	26779
1139	843	1141	860	26813
1141	860	1143	872	26845
1143	872	1143	875	26879
1143	875	1143	874	26912
1220	725	1173	758	27413
1173	758	1148	770	27445
1148	770	1130	776	27479
1130	776	1115	782	27512
1115	782	1110	785	27546
1110	785	1109	785	27580
1109	785	1111	787	27612
1111	787	1118	792	27645
1118	792	1129	801	27679
1129	801	1143	811	27713
1143	811	1159	822	27746
1159	822	1181	843	27779
1181	843	1211	869	27812
1211	869	1230	882	27846
1230	882	1239	888	27879
1239	888	1246	892	27912
1246	892	1249	894	27946
1249	894	1256	900	27979
1256	900	1258	901	28012
1258	901	1258	901	28046
1258	901	1258	901	28079
1258	901	1258	901	28112
1352	748	1352	748	28879
1352	748	1340	741	28912
1340	741	1323	737	28946
1323	737	1305	737	28979
1305	737	1293	741	29013
1293	741	1283	755	29045
1283	755	1273	791	29079
1273	791	1266	827	29113
1266	827	1266	855	29146
1266	855	1270	879	29179
1270	879	1276	897	29213
1276	897	1285	906	29246
1285	906	1295	913	29279
1295	913	1306	917	29312
1306	917	1318	917	29345
1318	917	1329	908	29379
1329	908	1338	887	29412
1338	887	1343	858	29446
1343	858	1346	833	29479
1346	833	1348	820	29513
1348	820	1351	808	29546
1351	808	1354	799	29579
1354	799	1355	793	29612
1355	793	1355	790	29646
1355	790	1357	785	29679
1357	785	1360	775	29712
1360	775	1361	766	29746
1361	766	1363	756	29779
1363	756	1363	752	29813
1363	752	1363	751	29846
1363	751	1363	749	29879
1363	749	1363	748	29913
1363	748	1363	748	29946
1363	748	1363	748	29979
1363	748	1363	748	30012
1363	748	1363	749	30046
1363	749	1364	758	30079
1364	758	1365	770	30113
1365	770	1367	784	30146
1367	784	1369	799	30179
1369	799	1370	818	30213
1370	818	1371	832	30246
1371	832	1373	843	30279
1373	843	1376	854	30312
1376	854	1379	866	30346
1379	866	1383	875	30379
1383	875	1383	882	30412
1383	882	1384	892	30446
1384	892	1386	904	30479
1386	904	1389	911	30512
1389	911	1392	914	30546
1392	914	1394	918	30579
1394	918	1396	919	30613
1396	919	1398	921	30646
1398	921	1400	926	30680
1400	926	1400	928	30713
1400	928	1401	930	30746
1401	930	1402	934	30779
1402	934	1402	934	30812
1402	934	1402	934	30846
1402	934	1402	934	30879
1402	934	1402	934	30913
